%YAML:1.0
cameraMatrix: !!opencv-matrix
   rows: 3
   cols: 3
   dt: d
   data: [ 9.6466906688125914e+02, 0., 5.0294146520839746e+02, 0.,
       1.7755639189415422e+03, 3.1841065164329149e+02, 0., 0., 1. ]
distCoeffs: !!opencv-matrix
   rows: 5
   cols: 1
   dt: d
   data: [ -4.3829853383613132e-01, 1.1007758175381706e+00,
       -1.3390569788690059e-02, 5.8679916304963334e-03,
       -1.6089230866393760e+00 ]
error: 3.2600234334471129e-01
