%YAML:1.0
cameraMatrix: !!opencv-matrix
   rows: 3
   cols: 3
   dt: d
   data: [ 8.0428398604440326e+02, 0., 3.6608944543635170e+02, 0.,
       8.7824685390685090e+02, 2.9936388027450641e+02, 0., 0., 1. ]
distCoeffs: !!opencv-matrix
   rows: 5
   cols: 1
   dt: d
   data: [ -1.8964083731483472e-01, 5.6690473773537642e-01,
       -4.0010773382363092e-03, -2.7452911539181933e-03,
       -1.9844728100279116e+00 ]
error: 2.1115217575232864e-01
