%YAML:1.0
cameraMatrix: !!opencv-matrix
   rows: 3
   cols: 3
   dt: d
   data: [ 7.9172419483446129e+02, 0., 3.6716540836544903e+02, 0.,
       8.6523156052834963e+02, 3.0404190836225393e+02, 0., 0., 1. ]
distCoeffs: !!opencv-matrix
   rows: 5
   cols: 1
   dt: d
   data: [ -1.7483049033593392e-01, 6.6997281243613360e-01,
       -4.6492485569481655e-03, -1.5888161841970309e-03,
       -4.0041406502150272e+00 ]
error: 2.2401527698224985e-01
