%YAML:1.0
cameraMatrix: !!opencv-matrix
   rows: 3
   cols: 3
   dt: d
   data: [ 8.2789707610360495e+02, 0., 3.6281665213924731e+02, 0.,
       9.0327611986056831e+02, 2.9009803203607419e+02, 0., 0., 1. ]
distCoeffs: !!opencv-matrix
   rows: 5
   cols: 1
   dt: d
   data: [ -1.8494414448176738e-01, 6.7207875573271025e-01,
       -2.0339501699992331e-03, -1.7494927022865326e-03,
       -4.1934874156305728e+00 ]
error: 2.1021315368727286e-01
