%YAML:1.0
cameraMatrix: !!opencv-matrix
   rows: 3
   cols: 3
   dt: d
   data: [ 8.3350988307434716e+02, 0., 3.6315565423197518e+02, 0.,
       9.0808048813526659e+02, 2.8444500862885087e+02, 0., 0., 1. ]
distCoeffs: !!opencv-matrix
   rows: 5
   cols: 1
   dt: d
   data: [ -1.8285341728266916e-01, 3.1396646649269799e-01,
       -1.8495316936041498e-03, -2.4658277640699183e-03,
       -1.0140983556182861e+00 ]
error: 2.2857159512099492e-01
