%YAML:1.0
cameraMatrix: !!opencv-matrix
   rows: 3
   cols: 3
   dt: d
   data: [ 9.1168927427156700e+02, 0., 4.7510138049408732e+02, 0.,
       1.2631070949787970e+03, 2.9678492188787112e+02, 0., 0., 1. ]
distCoeffs: !!opencv-matrix
   rows: 5
   cols: 1
   dt: d
   data: [ -3.1376827967017396e-01, 6.7661948552258211e-01,
       -1.4383286275130098e-02, 1.0903407307886200e-02,
       -1.0182822833943050e+00 ]
error: 3.7438996008801068e-01
