%YAML:1.0
cameraMatrix: !!opencv-matrix
   rows: 3
   cols: 3
   dt: d
   data: [ 8.5427441753960181e+02, 0., 3.5795360405508529e+02, 0.,
       9.3078420377728855e+02, 2.8028655669252896e+02, 0., 0., 1. ]
distCoeffs: !!opencv-matrix
   rows: 5
   cols: 1
   dt: d
   data: [ -1.8728706683227436e-01, 4.6891549106404712e-01,
       -8.7109040852058724e-05, -1.7374775904715619e-03,
       -2.9704629478596947e+00 ]
error: 2.2442928842722354e-01
