%YAML:1.0
cameraMatrix: !!opencv-matrix
   rows: 3
   cols: 3
   dt: d
   data: [ 8.2278051274358654e+02, 0., 3.6652065724974887e+02, 0.,
       8.9640959021260767e+02, 2.8857080997287932e+02, 0., 0., 1. ]
distCoeffs: !!opencv-matrix
   rows: 5
   cols: 1
   dt: d
   data: [ -1.8321618920177954e-01, 3.2887386917365069e-01,
       -2.2068571893736066e-03, -2.4595698824271656e-03,
       -1.0536125497055731e+00 ]
error: 2.5217877957438917e-01
