%YAML:1.0
cameraMatrix: !!opencv-matrix
   rows: 3
   cols: 3
   dt: d
   data: [ 8.8130966266636960e+02, 0., 4.5910221668689212e+02, 0.,
       1.1040956035419547e+03, 2.9434850578209762e+02, 0., 0., 1. ]
distCoeffs: !!opencv-matrix
   rows: 5
   cols: 1
   dt: d
   data: [ -2.9401031428343272e-01, 6.8066284298732971e-01,
       -1.6148536945472323e-02, 1.0003600851205843e-02,
       -1.1378123963519982e+00 ]
error: 3.6662385323758612e-01
