%YAML:1.0
frame: 0
rvec: !!opencv-matrix
   rows: 3
   cols: 1
   dt: d
   data: [ 1.4734570462495071e+00, -2.2292313866530147e-01,
       2.6699357164343573e-01 ]
cameraRotationMatrix: !!opencv-matrix
   rows: 3
   cols: 3
   dt: d
   data: [ 9.5021623982048087e-01, 4.0904888924141680e-02,
       3.0889462223148179e-01, -3.1123578777746191e-01,
       7.7261501723016837e-02, 9.4718685841709538e-01,
       1.4878910846189725e-02, -9.9617139610290339e-01,
       8.6146198978383479e-02 ]
blenderCameraRotationVector: !!opencv-matrix
   rows: 3
   cols: 1
   dt: d
   data: [ 1.6394247253724927e+00, -2.7313663567392477e-01,
       -2.2805221764000944e-01 ]
blenderCameraRotationAngle: 1.6775949647875288e+00
cameraRotationVector: !!opencv-matrix
   rows: 3
   cols: 1
   dt: d
   data: [ -1.4734570462495071e+00, 2.2292313866530150e-01,
       -2.6699357164343568e-01 ]
cameraRotationAngle: 1.5139537510088048e+00
cameraTranslationVector: !!opencv-matrix
   rows: 3
   cols: 1
   dt: d
   data: [ -2.7112076513151294e+02, -3.7260196389150241e+02,
       -9.3188488777097902e+00 ]
tvec: !!opencv-matrix
   rows: 3
   cols: 1
   dt: d
   data: [ 1.4179494254295733e+02, 3.0594781361355473e+01,
       4.3747421335250988e+02 ]
frame: 25
rvec: !!opencv-matrix
   rows: 3
   cols: 1
   dt: d
   data: [ 1.4762029352058892e+00, -2.0193286558446363e-01,
       2.4737100202218568e-01 ]
cameraRotationMatrix: !!opencv-matrix
   rows: 3
   cols: 3
   dt: d
   data: [ 9.5799961213665352e-01, 4.0702547010821891e-02,
       2.8386624634297974e-01, -2.8626782177643856e-01,
       7.7209419962998099e-02, 9.5503373745870912e-01,
       1.6955157368619023e-02, -9.9618372207932071e-01,
       8.5618423851389236e-02 ]
blenderCameraRotationVector: !!opencv-matrix
   rows: 3
   cols: 1
   dt: d
   data: [ 1.6412039040510478e+00, -2.5302626305449466e-01,
       -2.0654934470508376e-01 ]
blenderCameraRotationAngle: 1.6733903239429295e+00
cameraRotationVector: !!opencv-matrix
   rows: 3
   cols: 1
   dt: d
   data: [ -1.4762029352058892e+00, 2.0193286558446363e-01,
       -2.4737100202218562e-01 ]
cameraRotationAngle: 1.5103457884719962e+00
cameraTranslationVector: !!opencv-matrix
   rows: 3
   cols: 1
   dt: d
   data: [ -2.7128925700766888e+02, -3.6808237332490029e+02,
       -8.7730664374210896e+00 ]
tvec: !!opencv-matrix
   rows: 3
   cols: 1
   dt: d
   data: [ 1.5467361246621843e+02, 3.0722004302225542e+01,
       4.2929208386980980e+02 ]
frame: 50
rvec: !!opencv-matrix
   rows: 3
   cols: 1
   dt: d
   data: [ 1.4754986053631358e+00, -2.1114783977167129e-01,
       2.4897757689090907e-01 ]
cameraRotationMatrix: !!opencv-matrix
   rows: 3
   cols: 3
   dt: d
   data: [ 9.5611288706777875e-01, 3.6167881345872149e-02,
       2.9075768526707657e-01, -2.9276056446617893e-01,
       7.7939124004238636e-02, 9.5300406339264698e-01,
       1.1806738599703243e-02, -9.9630185049933695e-01,
       8.5107130225589508e-02 ]
blenderCameraRotationVector: !!opencv-matrix
   rows: 3
   cols: 1
   dt: d
   data: [ 1.6408125672246721e+00, -2.5468116909597310e-01,
       -2.1598482625084117e-01 ]
blenderCameraRotationAngle: 1.6744485133395761e+00
cameraRotationVector: !!opencv-matrix
   rows: 3
   cols: 1
   dt: d
   data: [ -1.4754986053631360e+00, 2.1114783977167131e-01,
       -2.4897757689090905e-01 ]
cameraRotationAngle: 1.5111814512040809e+00
cameraTranslationVector: !!opencv-matrix
   rows: 3
   cols: 1
   dt: d
   data: [ -2.6914398893626031e+02, -3.6048190955833786e+02,
       -8.1213329227779205e+00 ]
tvec: !!opencv-matrix
   rows: 3
   cols: 1
   dt: d
   data: [ 1.5189303543154139e+02, 2.9738713087668586e+01,
       4.2248759115395552e+02 ]
frame: 75
rvec: !!opencv-matrix
   rows: 3
   cols: 1
   dt: d
   data: [ 1.5359368300012510e+00, -3.2338068156329108e-01,
       1.3299640925498027e-01 ]
cameraRotationMatrix: !!opencv-matrix
   rows: 3
   cols: 3
   dt: d
   data: [ 9.5050877970383241e-01, -1.1662870079297048e-01,
       2.8797709259119075e-01, -2.8548618028206041e-01,
       3.7892648534484950e-02, 9.5763343094056652e-01,
       -1.2259975764205396e-01, -9.9245246401950449e-01,
       2.7214128176150463e-03 ]
blenderCameraRotationVector: !!opencv-matrix
   rows: 3
   cols: 1
   dt: d
   data: [ 1.5771384179924748e+00, -1.3374946667097132e-01,
       -3.2521174017459969e-01 ]
blenderCameraRotationAngle: 1.6158642224178263e+00
cameraRotationVector: !!opencv-matrix
   rows: 3
   cols: 1
   dt: d
   data: [ -1.5359368300012510e+00, 3.2338068156329108e-01,
       -1.3299640925498021e-01 ]
cameraRotationAngle: 1.5752349208411263e+00
cameraTranslationVector: !!opencv-matrix
   rows: 3
   cols: 1
   dt: d
   data: [ -2.6325278216042011e+02, -3.2778370683747602e+02,
       2.7197563509575806e+00 ]
tvec: !!opencv-matrix
   rows: 3
   cols: 1
   dt: d
   data: [ 1.5697980377068683e+02, -1.5583008272941001e+01,
       3.8970000502849462e+02 ]
frame: 100
rvec: !!opencv-matrix
   rows: 3
   cols: 1
   dt: d
   data: [ 1.5341579267057819e+00, -3.3753699308426482e-01,
       1.2540944834477749e-01 ]
cameraRotationMatrix: !!opencv-matrix
   rows: 3
   cols: 3
   dt: d
   data: [ 9.4752390890325688e-01, -1.2999945932851978e-01,
       2.9205921083058822e-01, -2.8916174868455524e-01,
       4.1058366617975260e-02, 9.5639933794851317e-01,
       -1.3632287098789975e-01, -9.9066359128866588e-01,
       1.3129130435654002e-03 ]
blenderCameraRotationVector: !!opencv-matrix
   rows: 3
   cols: 1
   dt: d
   data: [ 1.5771799634336308e+00, -1.2615115366333318e-01,
       -3.3953327794385213e-01 ]
blenderCameraRotationAngle: 1.6182378062134120e+00
cameraRotationVector: !!opencv-matrix
   rows: 3
   cols: 1
   dt: d
   data: [ -1.5341579267057819e+00, 3.3753699308426477e-01,
       -1.2540944834477738e-01 ]
cameraRotationAngle: 1.5758487540080397e+00
cameraTranslationVector: !!opencv-matrix
   rows: 3
   cols: 1
   dt: d
   data: [ -2.6181848835473949e+02, -3.2118538012951240e+02,
       2.7193400358817565e+00 ]
tvec: !!opencv-matrix
   rows: 3
   cols: 1
   dt: d
   data: [ 1.5557545957974477e+02, -1.8154963672753535e+01,
       3.8364441574734684e+02 ]
frame: 125
rvec: !!opencv-matrix
   rows: 3
   cols: 1
   dt: d
   data: [ 1.5317974817539086e+00, -3.4225900674553777e-01,
       1.1496023933017754e-01 ]
cameraRotationMatrix: !!opencv-matrix
   rows: 3
   cols: 3
   dt: d
   data: [ 9.4721125705366571e-01, -1.3925909372636736e-01,
       2.8878666749925419e-01, -2.8535354286365544e-01,
       4.4460516754597702e-02, 9.5739052534745384e-01,
       -1.4616494137095226e-01, -9.8925738170833200e-01,
       2.3754261935772683e-03 ]
blenderCameraRotationVector: !!opencv-matrix
   rows: 3
   cols: 1
   dt: d
   data: [ 1.5793579334065975e+00, -1.1571211918726376e-01,
       -3.4449749941550517e-01 ]
blenderCameraRotationAngle: 1.6206292924184424e+00
cameraRotationVector: !!opencv-matrix
   rows: 3
   cols: 1
   dt: d
   data: [ -1.5317974817539086e+00, 3.4225900674553777e-01,
       -1.1496023933017752e-01 ]
cameraRotationAngle: 1.5737727311886269e+00
cameraTranslationVector: !!opencv-matrix
   rows: 3
   cols: 1
   dt: d
   data: [ -2.6099120574165948e+02, -3.1641176963464062e+02,
       2.6177448831542534e+00 ]
tvec: !!opencv-matrix
   rows: 3
   cols: 1
   dt: d
   data: [ 1.5730721112887611e+02, -1.9687944547852997e+01,
       3.7829419264960882e+02 ]
frame: 150
rvec: !!opencv-matrix
   rows: 3
   cols: 1
   dt: d
   data: [ 1.4229356956626500e+00, -2.7869185346893144e-01,
       2.9859023815168345e-01 ]
cameraRotationMatrix: !!opencv-matrix
   rows: 3
   cols: 3
   dt: d
   data: [ 9.3075073780338091e-01, 3.6260133125720045e-02,
       3.6385198477425817e-01, -3.6548515351366606e-01,
       1.2251810460122445e-01, 9.2271876354933580e-01,
       -1.1120550326037010e-02, -9.9180366847003965e-01,
       1.2728635657374121e-01 ]
blenderCameraRotationVector: !!opencv-matrix
   rows: 3
   cols: 1
   dt: d
   data: [ 1.6785223703542900e+00, -3.0925080508145497e-01,
       -2.8864198839322980e-01 ]
